0.1
0.12
0.20
0.21
0.18
0.19
0.22
0.23
0.14
0.15
0.212
0.217
0.155
0.16
0.222
0.24
0.125
0.128
0.215
0.218
0.1285
0.13
0.232
0.237
0.131
0.132
0.233
0.235
0.133
0.135
0.232
0.234
0.1332
0.137
0.242
0.246
0.139
0.141
0.2354
0.242
0.142
0.135
0.247
0.232
0.141
0.148
0.255
0.256
0.15
0.151
0.249
0.253
0.151
0.153
0.248
0.254
0.154
0.157
0.26
0.258
0.152
0.158
0.265
0.27
0.9
0.88
0.8
0.79
0.82
0.81
0.78
0.77
0.86
0.85
0.788
0.783
0.845
0.84
0.778
0.76
0.875
0.872
0.785
0.782
0.8715
0.87
0.768
0.763
0.869
0.868
0.767
0.765
0.867
0.865
0.768
0.766
0.8668
0.863
0.758
0.754
0.861
0.859
0.7646
0.758
0.858
0.865
0.753
0.768
0.859
0.852
0.745
0.744
0.85
0.849
0.751
0.747
0.849
0.847
0.752
0.746
0.846
0.843
0.74
0.742
0.848
0.842
0.735
0.73